2858
260
1196
1210
2028
1198
593
2571
2762
589
608
527
110
1270
318
858
480
1197
2396
1617
1580
296
2997
1265
1097
356
1240
1
2716
1214
457
50
3578
541
2628
1193
1200
1221
912
2916
1259
919
1213
924
1387
1136
2791
1036
34
1291
1610
3114
2987
2355
3175
1704
1307
2000
1127
750
780
2918
2599
1304
1968
32
2959
377
1225
3471
3793
1394
908
2797
2804
590
1784
1374
223
1721
1230
3481
1961
1247
1923
2174
1219
2291
1220
1079
648
3418
1584
1089
111
3751
1222
592
2706
1252
588
150
380
1393
3408
3147
1278
1073
1527
1206
1208
733
2324
2406
1358
39
21
923
3421
2683
1356
1573
2700
3527
904
2395
1090
1288
47
1242
3176
3753
1641
920
357
1094
913
1294
1234
3671
2692
2194
969
1517
1258
1954
3160
1500
364
2640
2529
1233
2321
1673
2985
3361
3897
3623
1674
2268
2115
595
1376
1250
2302
1207
2699
1732
1266
1396
2657
3255
3448
3253
1370
1653
2100
3363
1148
2763
1276
349
3256
1028
587
11
3702
316
2081
2890
1682
2289
2011
903
367
1608
1544
597
3703
293
2336
2710
3081
1199
2968
1101
2012
1080
3552
3072
474
1408
539
551
2455
1282
36
2248
3052
1204
1639
6
1676
2353
440
1215
3006
2001
910
25
1183
2947
2407
1917
1953
736
1997
2006
1909
1035
1625
1912
235
3108
1246
1372
2908
3210
1201
3755
3499
17
1179
2617
329
1748
2502
1267
3543
2080
2105
2064
2352
899
3555
3039
1777
1407
1747
10
953
3948
2470
2746
1552
1391
1299
1375
2915
1060
1947
3510
2020
1377
2054
1285
1129
1231
2108
3526
2770
1262
3174
3362
265
3424
2712
1302
246
2948
3699
3107
778
745
1722
1077
2243
3033
3104
3101
165
1249
594
3608
1244
1994
1380
454
3082
1235
1287
3624
70
2058
1263
2871
3396
500
2019
529
2671
1275
1333
2278
1663
788
3386
1645
1228
1876
2424
2944
161
2872
368
2167
1569
1320
1084
3148
2288
2193
1269
2391
2580
1293
3809
3504
1965
2366
3450
1597
1272
1466
2427
2761
2300
2359
1952
2160
2490
2329
2393
2641
3911
1188
1729
497
2144
337
785
1092
300
3683
2021
1203
902
914
1172
968
2002
253
2140
2150
2023
16
555
800
3105
2723
3868
2003
2078
353
1960
1962
1343
2161
2881
2005
2949
3763
898
1256
1371
2369
2694
2605
2076
2664
2542
3435
2501
141
266
344
1957
104
292
2572
3037
3476
441
1292
2826
339
3100
3698
2145
1284
708
1485
1921
1093
1253
3360
2686
543
1690
1513
2067
2094
1959
3704
1883
1088
2124
1271
3044
2294
1339
1885
2
1296
2273
509
2707
1095
1945
2333
2018
288
610
866
508
2662
3489
2527
471
2087
2528
2688
1022
1248
3005
1805
3095
2371
2013
3863
2109
553
3591
3060
1212
2405
1019
3263
3359
434
586
922
3247
2795
231
1918
3098
1261
1029
2539
1357
2951
3638
2186
3070
2394
1223
3252
1321
3354
2433
153
58
317
1345
1711
1104
3298
3301
2917
2085
1186
2724
3535
1956
1967
2863
62
162
3740
198
3479
3654
151
24
852
2581
653
3735
112
832
3178
3317
3893
3685
1587
2701
838
1254
1834
1032
720
1635
3730
1378
1449
442
1041
1958
930
3468
342
2137
2096
628
3334
1982
596
163
2788
2973
45
2046
3246
1257
2423
3785
247
3697
994
1042
95
2313
1907
3536
3524
3168
3203
1224
661
933
562
1678
3020
3745
2541
1479
3087
1185
916
3257
3260
3300
345
3267
1274
2478
2133
2841
515
1680
3635
1694
2245
350
3035
2134
3614
2912
2966
1476
3717
2739
3545
2065
1831
3159
955
524
909
2384
2722
1955
3916
926
552
208
2728
2976
1586
951
1373
2420
1283
348
3752
671
2616
3639
3512
3196
2792
2469
1441
1589
2463
3358
2717
1297
3157
29
1037
1120
185
3019
1059
3701
954
928
2687
3827
2648
2454
3083
2598
2311
466
905
180
2010
3264
1103
3273
1347
3551
1081
52
3507
647
2734
7
3441
196
1171
3534
1086
2125
3798
1911
1719
1566
3269
3706
1217
2919
2991
1124
1411
1047
3173
1385
2398
940
3409
1049
3186
2993
3261
802
1944
2926
2989
2431
2009
3113
1301
1350
3811
3508
673
2857
1175
2565
144
3952
3836
3844
3068
2116
3088
1125
3219
1537
915
1405
2690
3
1779
2759
2413
1950
786
333
1245
3000
3438
1078
272
2428
1792
2139
3201
2403
1914
1344
2409
3016
306
1277
232
1298
2533
3152
3513
1614
1238
3062
3668
494
2622
435
2141
3505
3067
3451
1894
3617
1300
1096
1562
3744
431
3274
2126
3259
3185
1717
3265
1892
164
372
410
2118
3686
3397
2600
3791
2301
3869
2735
1061
1260
3198
900
1620
1754
748
2015
224
1693
173
678
1135
1243
3461
3462
2819
2414
2805
724
3034
741
849
1303
911
2421
1459
531
2303
3681
1020
2312
22
1237
160
2467
3271
379
783
1810
1590
485
3949
2485
105
1644
3254
2779
2318
2672
3927
492
3250
1591
2231
3618
303
1916
1619
950
2378
805
2990
2921
3071
2335
942
1616
514
3633
2088
125
2390
475
585
2840
2702
517
2971
1518
2496
2132
2375
3684
2112
3328
2334
230
1835
538
252
2718
2110
1147
1409
3494
3398
2642
370
145
3556
1801
3244
3307
3429
2474
532
3007
3498
172
3712
2747
1100
2401
921
2986
3770
2138
3871
222
69
2130
674
2143
1882
1594
1888
1280
314
2410
3629
1964
535
3469
60
1672
468
1189
3285
48
3155
376
2719
2402
2803
799
3525
216
2247
1845
2253
3163
2794
1927
3467
2942
2340
2861
1012
2416
3156
934
2282
1031
3615
3733
1367
1268
2297
2946
3089
534
971
520
2146
3189
2471
1027
507
2348
599
236
493
2530
1379
168
3061
3249
3129
1688
319
2376
3760
1334
1025
2901
2750
2713
3548
2867
784
412
3384
3576
1327
3040
1091
1264
2082
945
261
3452
446
3675
1687
2468
2117
428
2070
965
3053
2262
1178
3826
1643
3873
3566
1218
1920
1286
2518
1354
1963
1603
2532
3812
3528
2941
2859
432
170
3366
2764
2111
2476
3723
1769
3365
2363
1884
307
2203
1211
373
481
1030
2411
2346
1895
1017
1033
3549
3819
2889
2883
3741
1429
3705
249
1395
101
1057
1873
1633
1939
1701
952
2567
19
1974
2287
861
41
1388
3501
1348
1295
2875
3783
3030
2802
2083
2114
2808
3308
999
1132
3788
1251
327
2004
3649
1131
3153
2677
3251
3258
616
1227
3742
3688
1009
1949
2357
1013
1416
361
1226
2644
2450
1931
3565
1438
2922
2513
663
3022
2022
2745
1588
5
3102
3169
3478
2155
3099
2531
2072
383
420
3700
1023
3814
2059
2670
1499
2457
830
1281
3145
2613
3932
1480
3917
44
2090
2693
3018
2053
3342
351
3355
949
3516
73
2367
3146
1422
2322
281
707
233
2583
1340
3347
3841
1542
3801
1735
3074
2202
2517
986
2240
2676
2208
3097
3546
3197
426
1457
1290
3213
3477
3484
1488
1615
448
1683
1392
2034
728
2953
1946
2447
3388
2720
2232
2731
2950
107
931
225
362
176
2524
2822
308
2827
86
3316
194
382
2099
2459
3708
1689
1833
3032
1611
1010
2961
3111
2093
1951
2995
1015
1205
2505
3466
2729
322
3682
1099
2736
158
947
1702
3135
3296
3852
3093
1627
1734
3179
1446
3882
906
175
2089
3910
237
1948
2249
2159
2135
1342
3729
837
280
3404
1130
1126
605
450
3861
2929
3204
932
2772
2176
996
1541
2097
2025
3420
455
1194
2709
2553
3802
3430
2866
3090
3243
3707
2793
3208
2236
1066
3521
1649
1799
1279
3194
28
3930
417
3724
1289
2171
1966
3066
918
2188
3444
3134
2439
3341
2374
3422
880
2120
516
3928
366
2796
1970
273
2372
2404
2183
89
2316
2815
3125
1713
491
3634
2389
2136
2952
1209
804
2870
282
2668
3831
1007
3676
2344
381
423
1556
3426
207
719
1021
943
94
1727
938
477
1648
1821
371
2071
879
1361
2206
2121
1797
2102
262
3519
3606
1173
3200
85
2936
290
2456
3270
546
1730
1924
3789
3821
2408
762
2338
3764
1991
2891
3538
2558
1783
3769
147
2550
1191
1913
1660
537
338
1969
2877
901
1753
42
2033
836
355
2643
154
3004
2551
3029
1762
1150
482
413
203
946
3598
2123
1034
490
2279
276
2852
3515
2442
188
2106
1785
218
737
215
2935
2422
3181
2943
1064
3926
3091
1414
574
3167
2349
2387
464
3594
549
2730
991
3786
1381
2399
714
3896
2269
204
3364
1431
3412
2732
2147
1177
892
3929
3728
1866
186
2906
2320
1353
1083
1273
256
2331
2412
2038
2153
2633
2014
43
2453
2611
581
2122
3238
1082
2615
2142
3350
2879
1401
3078
88
3653
2575
2606
3079
2520
3266
3480
407
3036
1858
3506
3394
2252
2266
1772
2846
556
1875
3405
1050
2612
1461
533
3825
3747
1346
1425
798
542
3593
1359
3727
3550
3272
2060
2752
1752
2259
2506
1699
2263
1971
2726
14
1840
277
2377
1419
1848
2077
936
1187
3529
3011
122
2163
2836
1983
550
1665
2379
848
2261
2107
3439
611
3784
2560
2574
3475
2069
2091
2184
289
2660
504
2052
3324
81
2806
299
18
3028
2639
2504
2907
2924
1794
2043
2757
46
3326
3754
512
3771
3248
2361
157
2310
2429
76
2042
1176
2166
3483
2360
2654
2596
1016
2370
213
1487
2546
2068
1128
3834
1085
3503
2771
2789
2328
2212
3693
2024
3182
1306
948
1464
3015
1806
3766
688
2017
818
3262
239
2497
700
3835
3773
3500
1942
1554
2148
3925
1938
2967
3051
3865
3327
2540
511
3387
2787
2373
1973
3918
2351
2932
1897
195
2473
2829
4
1593
1190
1014
3672
1515
2475
1484
1305
2392
2432
2048
2996
2443
2568
3604
765
3660
2430
328
358
1836
2937
3915
199
123
429
193
3445
851
2448
415
2956
1995
334
140
1465
3142
2066
3646
742
31
2436
709
3177
627
3846
2026
1069
2554
2900
3206
891
1935
405
1941
2940
2280
3571
695
523
2162
1192
346
3457
2181
2920
2624
3710
2860
3936
2899
1975
907
1498
3554
332
1024
1827
330
20
2151
315
3330
1862
2195
459
378
3299
2927
2337
1362
248
3879
2669
1018
438
1972
2561
3470
2380
506
2290
3937
2492
3794
2902
2092
2629
1976
978
1904
3406
521
2988
427
519
100
2354
2173
3120
3872
842
2154
2549
941
1483
1389
3094
2970
3357
1390
374
2272
2041
3864
1111
2330
662
267
159
1726
177
425
3063
229
3024
12
2040
2365
1236
2385
2782
1162
3379
190
540
801
691
3599
135
436
694
352
2325
3325
479
3077
3627
456
1161
782
1468
1919
3877
897
1011
944
2165
3096
1658
1977
257
2570
1046
518
558
3045
1758
2239
1804
3440
1788
3385
1453
23
1535
15
2241
766
3584
74
2682
3436
547
637
1760
2725
1003
2969
2347
1940
1382
388
26
3613
2495
929
3287
2182
3726
1824
1999
548
258
465
2315
1330
781
2178
2169
3115
3643
3807
1184
3190
3076
3628
82
227
1366
3725
1686
2296
761
3600
2525
419
1474
2645
544
187
2204
1445
3616
735
501
2535
3678
72
2418
57
2975
1005
3557
2095
2364
1503
473
1051
2119
451
927
3275
1363
1399
2381
171
2888
3758
2882
1629
302
2488
3225
234
3889
2314
2851
13
3214
1008
2983
3622
2458
835
973
2801
2721
3268
3720
305
1216
3713
1929
1936
2905
3859
63
360
2511
2661
2027
421
2491
1863
1667
2170
3224
3038
1985
2519
2437
2526
650
1934
3502
2500
2798
205
1043
886
2435
3217
3392
2057
2075
2634
2587
575
206
1598
502
3619
829
839
2451
1816
2696
982
613
3046
1545
155
1332
79
522
65
3370
2238
3943
3497
569
2978
1681
3547
2084
2016
259
3086
1707
1654
3689
117
2498
1670
3230
2327
458
3840
917
2714
3544
1623
2609
461
2295
3901
1661
2748
1992
998
1841
242
2749
387
3130
2898
635
1592
2555
2029
1621
2356
2607
3055
483
1432
2472
2816
340
3075
743
2738
3813
312
2460
1167
3399
9
615
3709
3286
1986
30
809
3054
1004
1054
3923
1352
3447
2177
3738
3746
326
3679
2382
363
2844
2050
3017
3822
3509
3417
2780
2972
445
2276
1202
449
3425
3810
1647
1855
1454
1410
2651
2051
935
2928
3837
3792
3456
893
1606
1475
2828
1733
1900
725
1870
3487
1460
2621
3658
2271
2856
3690
2880
3824
1646
2769
670
3427
2383
3920
2594
1979
2168
3787
2665
3590
764
759
2073
2925
1006
3199
3117
1600
489
270
2514
2774
2098
1404
414
2275
408
3401
1978
3823
3112
2874
1241
3310
156
1937
1605
2548
988
3118
3914
3211
2149
35
3564
2862
3368
1397
321
169
1355
1337
3431
132
3553
1642
3946
365
3795
692
2062
2306
1440
1365
3150
3453
2419
2521
3895
1442
1984
1856
3391
2417
2434
2267
3858
1526
697
3375
3767
959
416
2649
453
1684
3715
3423
680
2264
2036
3235
354
1640
1987
3732
3138
2285
3069
2425
1482
803
3241
390
513
118
3103
606
2445
68
3714
668
152
2255
3109
92
1744
2885
8
1996
2582
2817
1626
639
1601
469
275
2625
1759
2784
3718
71
881
2903
3416
580
3908
61
1398
1943
2781
976
3304
2210
1998
3743
3737
3188
3372
3340
93
2753
3734
80
3950
3281
271
126
3514
3289
1980
2250
424
393
3919
3491
269
963
2180
3662
1550
1180
1865
369
2037
3947
565
3008
806
1889
640
612
2045
1516
1582
3496
3870
2820
1232
3141
1881
3655
3806
3013
715
1655
174
1546
2522
609
444
3909
191
3680
2585
2499
1993
2741
1255
1612
1703
2939
1981
268
3903
3661
3127
486
2708
27
2618
2697
64
1604
1922
149
2283
1571
422
3371
309
3302
1056
2104
2035
3808
810
1631
3128
2589
3677
896
3768
1925
2786
2007
3849
536
3428
603
467
964
99
3790
1837
2656
3459
505
528
279
3511
2113
833
1413
602
1428
3579
3669
87
1581
3284
116
217
3048
3318
2597
1650
2265
2647
3696
1860
1447
97
937
2573
577
3414
3183
3432
2284
78
2663
66
2790
487
2848
3799
2810
2507
3339
3158
3165
3144
2807
2446
3588
882
3857
2610
3577
1331
3716
3739
3605
2237
2440
113
3851
3320
1791
828
621
3951
1472
3395
631
3133
313
1839
3518
2681
711
2799
3180
182
1910
1310
1812
2751
1746
2667
3596
2362
1609
1456
1341
3539
166
181
121
1113
3620
3064
1523
875
1887
2812
2652
409
3736
2190
347
2152
808
2659
2965
3602
1896
2590
3731
2842
2868
3367
2345
1854
2341
1563
2630
3632
335
3816
3855
3014
301
2835
495
846
956
3833
779
1507
2744
990
2689
2323
705
55
1564
1750
3132
1809
2260
3002
255
3719
1624
568
499
731
433
1169
3692
3446
3572
2620
488
2044
324
391
2977
437
3765
2593
1756
294
869
2461
210
1068
498
2847
463
77
665
209
840
1415
1669
1317
3780
3010
2481
970
2704
3774
3311
452
3222
2626
1771
3569
3839
3921
746
3041
2400
2179
2974
3898
2049
1123
1336
1547
571
240
2733
3659
3674
3143
83
3276
3626
2893
211
325
1112
3886
1731
957
3049
3338
3782
710
472
214
1417
1508
496
2055
3567
1351
341
1869
1695
1932
1326
813
40
2032
254
1427
2938
384
760
987
2493
2205
2766
2653
3454
2386
718
3694
1044
2876
2103
2711
3759
3031
3124
1595
1473
862
3537
1859
2646
2031
1844
3110
2131
885
1829
1596
2727
747
278
2579
850
3838
3559
1599
304
824
1119
3612
320
102
3393
3804
1439
1151
263
3663
1798
3240
3691
2884
2494
2286
870
1988
3073
888
1755
3711
291
2813
103
179
443
54
2086
3329
722
2756
3433
1906
3389
3021
583
1463
343
1926
1053
1677
1551
2638
564
3218
753
3906
3449
3597
510
3042
3922
1152
183
49
656
1529
2482
1696
1497
2307
2479
3223
3221
1668
685
2462
702
2368
3192
1928
3171
3122
2523
2566
704
1572
669
1329
241
667
2477
3695
1489
3306
3586
3805
3884
3845
3343
2635
476
997
1312
2187
2896
2515
1533
2818
1902
3913
1477
659
3900
1076
3912
1525
2577
1867
1874
1602
2650
3664
3587
2666
600
3442
298
238
1585
1880
3403
3580
1114
2843
2758
3309
2637
1825
3415
3239
984
1067
1613
297
3319
184
201
2305
3434
1725
460
1879
1511
3610
2465
2614
841
3568
3934
3349
2894
3756
1814
2849
2516
2128
3761
2655
2755
1406
619
2552
3473
3520
3531
1063
2743
2979
3106
3331
2293
3885
2853
961
2426
3092
2982
3776
295
3843
2864
2441
3532
38
1893
2339
3562
877
3637
1496
386
2678
250
1767
2189
1412
3670
831
1509
2878
484
3402
3540
767
2992
2767
447
2397
1570
2785
3924
1105
2512
3902
1583
716
202
2945
967
3781
2778
2074
2886
570
389
2586
462
1857
3847
2227
573
1728
2483
3400
3854
3585
418
3673
3874
645
3345
3830
633
1933
2837
1671
2559
2047
219
2674
1657
392
2536
3043
3832
960
3935
3749
2175
554
2201
771
1458
525
2800
2737
3894
649
2211
1421
3667
3820
2537
2196
470
394
1770
3161
178
1437
3775
331
84
2897
1846
2157
3645
2834
1739
3945
3047
2904
3121
3797
148
2963
3880
2056
3721
1087
1826
3862
617
3848
1423
3625
638
2865
1455
287
3137
1000
359
2185
974
876
1144
251
681
1323
478
2873
2691
2923
1116
1426
1495
430
1807
274
3644
2256
1493
1163
2913
3333
1504
2981
375
1154
563
3931
2824
1322
3390
3139
283
2350
1662
1450
2101
867
751
3283
3344
2158
197
992
146
1055
2388
128
632
3162
3938
1666
3860
1692
96
1549
1565
3474
336
2809
1117
189
220
3817
1898
3939
3492
2257
2544
567
3465
2079
2509
2292
3050
3942
131
3464
1651
3351
2715
1632
2776
2449
3757
1811
1153
2627
503
1494
1490
1679
1501
561
3611
2775
2197
3853
2998
3025
1328
3313
2466
1656
2740
3665
3495
124
3490
3941
958
3488
3796
1575
2839
1574
864
129
626
1349
106
1822
1743
2931
2534
2415
2215
807
2503
2768
2342
3883
3419
2164
3640
2773
3867
1531
1502
3642
2964
1121
769
962
3581
925
3570
137
2830
1715
3374
3410
53
3850
3573
754
566
2281
1325
2008
2246
1850
1324
1520
1168
3282
1817
1058
1038
2632
3933
1335
860
2326
939
863
2994
811
3215
2962
3012
1853
755
385
2156
2221
1675
2545
114
2562
2569
1749
3878
1002
411
2675
598
2219
2658
2209
1780
245
1872
2452
3803
119
2636
1899
3335
3905
2984
3140
1793
3486
1539
1567
2933
1864
2129
3116
2892
397
200
406
1181
560
854
1026
775
37
228
3154
2191
2298
1420
1170
993
1313
1138
3892
726
212
1990
2673
1444
652
136
2831
1436
3003
3058
2854
2332
2783
793
3940
844
2304
874
2061
3636
3563
3523
2760
664
2914
2695
614
3777
966
3245
3648
3437
1384
3292
1543
2855
75
2911
3533
2207
2192
3149
1534
2833
3641
1878
3657
90
59
1486
3056
1989
2754
2930
2464
3303
2317
1685
2814
1664
243
1901
2444
526
108
1903
3592
1519
630
3232
2063
1741
2200
1659
1782
3443
2705
972
1514
3944
1369
2765
3866
244
2850
618
1174
3574
1164
1849
3463
167
1718
56
2538
1890
2557
732
1891
2487
1471
1071
3818
3293
1522
2602
3778
1383
2486
2999
264
703
3609
3207
1871
310
2358
1532
757
985
3652
787
1930
2242
404
559
3184
2234
1040
2299
1149
3875
682
3346
980
2127
2578
1160
847
3378
1652
823
2172
820
1561
696
3314
67
2244
2608
2679
3891
3887
3522
33
756
1622
815
2685
3126
1098
1796
1636
2934
3288
776
3595
853
98
3026
3242
698
981
749
2623
729
1886
3322
1553
1039
2960
2510
2825
1861
796
2223
1877
3216
3001
3233
2777
2631
666
3666
2823
1538
3575
3603
439
3517
1433
3482
578
3380
3136
2309
1720
2480
2887
557
3187
687
3888
734
1795
3205
623
3631
1102
3353
130
3876
3373
134
1434
2869
3601
834
1139
2233
3027
3352
2198
2955
120
2811
2821
1842
3057
1851
3305
1787
1315
3413
679
1364
3377
3084
3381
712
3295
791
1360
3236
1311
2251
3337
3800
2543
3472
3166
3131
530
1070
744
192
827
1107
401
3542
2895
1555
2258
3336
582
2576
3748
657
1134
789
884
572
643
3085
1145
3828
3212
3656
1830
1773
1062
3607
3881
1510
3280
1548
3772
138
706
3382
3294
3407
887
3899
634
989
3119
3621
889
3172
3277
3687
717
139
607
1868
821
701
624
3065
3530
591
2438
2343
2591
3164
977
878
3647
2909
672
396
774
3762
398
1915
690
1316
1133
3229
758
1832
1470
1528
584
792
2214
2703
3890
872
2226
576
1908
1905
1579
975
763
1764
658
3485
3290
3323
3123
1843
311
660
790
3779
1724
2619
402
1558
814
3842
2592
2584
3458
286
2563
868
2556
601
3493
1118
3151
2742
579
1815
1630
3228
1709
2277
1714
2308
642
644
895
651
3651
1852
3291
2484
3321
3722
3297
3315
1820
865
3220
2254
2235
545
1142
859
2218
226
3209
1115
3312
142
826
3904
3460
730
1165
1386
2213
655
2217
1430
127
684
3202
843
3376
641
133
2845
2039
3237
